4 0 0 0 0 0 0 0 0 0 0 0 0 0 0 0 0 0 0 0 0 0 1 0 2
3 15000 0 0 0 200 0 100 100 0 100 0 0 0 0 0 0 0 0 100 200 0 1 1 2
3 15625 0 0 0 200 0 100 100 0 100 0 0 0 0 0 0 0 0 100 200 0 1 1 2
3 16250 0 0 0 200 0 100 100 0 100 0 0 0 0 0 0 0 0 100 200 0 1 1 2
3 16875 0 0 0 200 0 100 100 0 100 0 0 0 0 0 0 0 0 100 200 0 1 1 2
3 17500 0 0 0 200 0 100 100 0 100 0 0 0 0 0 0 0 0 100 200 0 1 1 2
3 18125 0 0 0 200 0 100 100 0 100 0 0 0 0 0 0 0 0 100 200 0 1 1 2
3 20804 1 0 200 400 0 100 100 0 100 0 0 0 0 0 0 0 0 100 400 0 1 1 2
3 21429 1 0 200 400 0 100 100 0 100 0 0 0 0 0 0 0 0 100 400 0 1 1 2
3 22054 1 0 200 400 0 100 100 0 100 0 0 0 0 0 0 0 0 100 400 200 1 2 2
3 22679 1 0 200 400 0 100 100 0 100 0 0 0 0 0 0 0 0 100 400 200 1 2 2
3 23304 1 0 200 400 0 100 100 0 100 0 0 0 0 0 0 0 0 100 400 200 1 2 2
3 23929 2 0 200 400 0 100 100 0 100 0 0 0 0 0 0 0 0 100 400 200 1 2 2
3 24554 2 0 200 400 0 100 100 0 100 0 0 30 30 0 30 0 30 100 400 200 1 2 2
3 25179 2 0 590 779 0 850 250 0 250 0 0 780 180 0 180 0 780 850 779 200 0 0 2
3 25804 2 0 316 316 200 1100 100 0 100 0 200 631 31 0 31 0 631 1100 316 200 0 -3 2
3 26429 2 0 319 319 200 1100 100 0 100 0 0 200 0 0 0 0 200 1100 319 200 0 -3 2
3 27054 2 0 320 320 200 1250 250 0 250 0 200 1173 185 0 185 0 1173 1250 320 0 0 -3 2
3 29732 2 0 966 966 200 1200 200 0 200 0 0 0 0 0 0 0 0 1200 966 966 0 -1 2
3 30357 2 0 966 966 200 1200 200 0 200 0 0 0 0 0 0 0 0 1200 966 121 0 -1 2
3 30982 3 0 966 966 200 1200 200 0 200 0 0 0 0 0 0 0 0 1200 966 200 1 0 2
3 31607 3 0 966 966 200 1200 200 0 200 0 0 0 0 0 0 0 0 1200 966 389 1 0 2
3 32232 3 0 966 966 200 1200 200 0 200 0 0 0 0 0 0 0 0 1200 966 1000 1 2 2
3 32857 3 0 966 966 200 1200 200 0 200 0 0 0 0 0 0 0 0 1200 966 1000 1 2 2
3 33482 3 0 1166 1166 200 1200 200 0 200 0 0 0 0 0 0 0 0 1200 1166 933 1 2 2
3 34107 3 0 1166 1166 200 1200 200 0 200 0 0 0 0 0 0 0 0 1200 1166 1178 1 2 2
3 34732 3 0 1366 1366 200 1250 250 0 250 0 0 41 41 0 41 0 41 1250 1366 1200 1 3 2
3 35357 3 0 1566 1966 200 1200 200 0 200 0 0 0 0 0 0 0 0 1200 1966 800 1 3 2
3 35982 3 0 1566 1966 200 1200 200 0 200 0 0 0 0 0 0 0 0 1200 1966 1000 1 3 2
3 36607 3 0 1766 2166 200 1200 200 0 200 0 0 0 0 0 0 0 0 1200 2166 955 1 3 2
3 37232 3 0 1766 2166 200 1200 200 0 200 0 200 242 42 0 42 0 242 1200 2166 1121 1 3 2
3 37857 3 0 2356 2746 800 2600 200 0 200 0 600 2481 281 0 281 0 2481 2600 2746 978 1 3 2
3 38482 3 0 2096 2306 800 2050 50 0 50 0 0 0 0 0 0 0 0 2050 2506 800 1 1 2
3 39107 3 0 2235 2235 400 1250 250 0 250 0 158 1152 241 0 241 0 1152 1250 2435 1000 1 3 2
3 39732 3 0 2177 2177 200 900 300 0 300 0 0 614 282 0 282 0 614 900 2377 1000 1 4 2
3 40357 3 0 2931 2931 200 0 0 0 0 0 0 0 0 0 0 0 0 0 3031 800 1 4 2
3 40982 2 0 3226 3226 200 0 0 0 0 0 200 200 0 0 0 0 200 0 3426 600 1 4 2
3 41607 2 0 3273 3273 0 -200 0 0 0 0 0 0 0 0 0 0 10 -200 3473 1000 1 4 2
3 42232 1 0 3504 3504 400 200 0 0 0 0 339 339 0 0 0 0 339 200 3704 800 1 4 2
3 42857 1 0 4226 4226 200 250 50 0 50 0 180 430 50 0 50 0 430 250 4326 800 1 4 2
3 43482 3 0 4271 4271 200 450 50 0 50 0 180 430 50 0 50 0 434 450 4471 825 1 4 2
3 44107 3 0 4161 4561 600 1500 100 0 100 0 400 1430 100 0 100 0 1450 1500 4761 425 1 3 2
3 44732 3 0 3996 4396 400 400 0 0 0 0 200 343 0 0 0 0 371 400 4596 425 1 4 2
3 45357 3 0 4568 4968 600 600 0 0 0 0 526 526 0 0 0 0 614 600 5068 425 1 4 2
3 45982 3 0 4442 4842 200 200 0 0 0 0 181 181 0 0 0 0 247 200 5042 425 1 4 2
3 46607 3 0 4533 4933 0 0 0 0 0 0 0 0 0 0 0 0 64 0 5133 425 1 4 2
3 47232 3 0 4691 5483 0 100 100 0 100 0 0 100 100 0 100 0 132 100 5683 25 1 4 2
3 47857 3 0 4929 5721 0 150 -50 0 -50 0 0 200 0 0 0 0 223 150 5821 225 1 4 2
3 48482 3 0 5026 5826 0 -50 -50 0 -50 0 0 0 0 0 0 0 12 -50 6026 225 1 4 2
3 49107 4 1 5067 5867 0 50 50 0 50 0 0 0 0 0 0 0 5 50 6092 544 1 4 2
3 49732 4 1 5061 5837 0 100 100 0 100 0 0 41 41 0 41 0 55 100 6062 800 1 4 2
3 50357 4 1 5039 5817 0 50 50 0 50 0 0 0 0 0 0 0 1 50 6242 1000 1 4 2
3 50982 4 1 5045 5835 0 50 50 0 50 0 0 0 0 0 0 0 0 50 6260 1000 1 4 2
