4 0 0 0 0 0 0 0 0 0 0 0 0 0 0 0 0 0 0 0 0 0 1 0 2
1 19107 0 0 0 200 0 200 200 0 200 0 0 0 0 0 0 0 0 200 200 0 0 0 2
1 19732 1 0 0 200 0 400 400 0 400 0 0 0 0 0 0 0 0 400 200 0 0 0 2
1 20357 1 0 0 200 0 600 400 0 400 0 0 0 0 0 0 0 0 600 200 200 0 -2 2
1 20982 1 0 400 600 0 600 400 0 400 0 0 0 0 0 0 0 0 600 600 0 0 -2 2
1 21607 1 0 0 200 0 600 400 0 400 0 0 0 0 0 0 0 0 600 200 0 0 -2 2
1 24286 2 0 400 600 0 600 400 0 400 0 0 0 0 0 0 0 0 600 600 0 0 0 2
1 24911 2 0 400 600 0 600 400 0 400 0 0 0 0 0 0 0 0 600 600 0 0 0 2
1 25536 2 0 400 600 0 600 400 0 400 0 0 0 0 0 0 0 0 600 600 0 0 0 2
1 26161 2 0 400 600 0 600 400 0 400 0 0 0 0 0 0 0 0 600 600 0 0 0 2
1 26786 2 0 400 600 0 600 400 0 400 0 0 0 0 0 0 0 0 600 600 200 0 1 2
1 27411 2 0 364 364 50 1600 400 0 400 0 50 1310 119 0 119 0 1310 1600 364 200 0 -3 2
1 28036 2 0 359 359 50 1600 400 0 400 0 0 776 0 0 0 0 776 1600 359 378 0 -3 2
1 28661 2 0 362 362 50 1600 400 0 400 0 0 776 0 0 0 0 776 1600 362 600 0 -2 2
1 29286 2 0 573 573 50 1600 400 0 400 0 0 776 0 0 0 0 776 1600 573 600 0 -1 2
1 29911 2 0 584 584 50 1600 400 0 400 0 0 776 0 0 0 0 776 1600 584 600 0 -1 2
1 30536 2 0 595 595 50 1600 400 0 400 0 0 776 0 0 0 0 776 1600 595 1133 0 0 2
1 31161 2 0 1000 1000 50 1600 400 0 400 0 0 776 0 0 0 0 776 1600 1000 800 0 1 2
1 31786 2 0 1200 1200 50 1600 400 0 400 0 0 776 0 0 0 0 776 1600 1200 966 0 1 2
1 32411 2 0 1200 1200 50 1600 400 0 400 0 0 776 0 0 0 0 776 1600 1200 1200 0 2 2
1 33036 2 0 1200 1200 50 1600 400 0 400 0 0 776 0 0 0 0 776 1600 1200 1378 0 2 2
1 33661 2 0 1400 1800 50 1600 400 0 400 0 0 776 0 0 0 0 776 1600 1800 944 0 2 2
1 34286 2 0 1548 1882 1050 2800 200 0 200 0 1050 2662 200 0 200 0 2662 2800 1882 1000 0 0 2
1 34911 2 0 1860 1860 1050 1800 200 0 200 0 850 1735 200 0 200 0 1735 1800 1860 800 0 0 2
1 35536 2 0 2006 2006 1050 1600 200 0 200 0 829 1317 200 0 200 0 1317 1600 2406 600 1 2 2
1 36161 2 0 1738 1738 1050 1800 600 0 600 0 989 1711 600 0 600 0 1711 1800 1938 800 1 2 2
1 36786 2 0 1929 1929 850 1400 600 0 600 0 679 1279 600 0 600 0 1279 1400 2129 1000 1 2 2
1 37411 2 0 1781 1781 650 1400 600 0 600 0 555 1355 600 0 600 0 1355 1400 1981 1000 1 4 2
1 38036 2 0 2216 2216 450 800 200 0 200 0 400 791 200 0 200 0 791 800 2316 600 1 4 2
1 38661 2 0 2327 2327 450 600 0 0 0 0 400 600 0 0 0 0 600 600 2527 400 1 4 2
1 39286 2 0 2956 2956 50 0 0 0 0 0 0 0 0 0 0 0 0 0 3156 400 1 4 2
1 39911 2 0 2995 2995 50 0 0 0 0 0 0 0 0 0 0 0 0 0 3195 800 1 4 2
1 40536 1 0 3090 3090 50 0 0 0 0 0 0 0 0 0 0 0 0 0 3290 800 1 4 2
1 41161 1 0 3177 3577 50 200 0 0 0 0 50 151 0 0 0 0 151 200 3777 400 1 4 2
1 41786 2 0 3797 4197 50 0 0 0 0 0 0 0 0 0 0 0 0 0 4397 425 1 4 2
1 42411 3 0 3832 4232 50 0 0 0 0 0 0 0 0 0 0 0 0 0 4432 425 1 4 2
1 43036 4 0 3847 4247 250 600 0 0 0 0 200 600 0 0 0 0 600 600 4447 425 1 4 2
1 43661 4 0 3806 4606 250 400 0 0 0 0 200 301 0 0 0 0 301 400 4706 25 1 4 2
1 44286 4 0 4353 5153 250 400 0 0 0 0 144 304 0 0 0 0 304 400 5253 25 1 4 2
1 44911 3 0 4372 5172 50 400 400 0 400 0 0 284 284 0 284 0 284 400 5372 25 1 4 2
1 45536 2 0 4404 5204 50 200 200 0 200 0 0 102 102 0 102 0 102 200 5404 225 1 4 2
1 46161 3 0 4423 5223 50 0 0 0 0 0 0 0 0 0 0 0 0 0 5423 403 1 4 2
1 46786 3 1 4434 5234 50 0 0 0 0 0 0 0 0 0 0 0 0 0 5459 600 1 4 2
1 47411 3 1 4445 5245 50 0 0 0 0 0 0 0 0 0 0 0 0 0 5470 800 1 4 2
1 48036 3 1 4448 5248 50 0 0 0 0 0 0 0 0 0 0 0 0 0 5473 1389 1 4 2
1 48661 4 1 4448 5248 50 0 0 0 0 0 0 0 0 0 0 0 0 0 5673 1200 1 4 2
1 49286 4 1 4448 5248 50 0 0 0 0 0 0 0 0 0 0 0 0 0 5673 1200 1 4 2
1 49911 3 1 4448 5248 50 0 0 0 0 0 0 0 0 0 0 0 0 0 5673 1200 1 4 2
1 50536 3 1 5248 6048 50 0 0 0 0 0 0 0 0 0 0 0 0 0 6273 1000 1 4 2
1 51161 4 1 6048 6848 50 0 0 0 0 0 0 0 0 0 0 0 0 0 7273 400 1 4 2
1 51786 4 1 5848 6648 50 0 0 0 0 0 0 0 0 0 0 0 0 0 7073 800 1 4 2
